0.0005691902
0.00046644904
0.00041114894
0.00036881203
0.0003358279
0.00030781957
0.00028589397
0.00026703268
0.0002502846
0.00023560997
0.00022366275
0.00021215201
0.00020268244
0.00019247123
0.00018555709
0.00015364419
0.0001379221
0.00013174726
0.00012714732
0.00012321725
0.00011887915
0.00011549068
0.00011194595
0.0001080759
0.00010591136
0.000102895334
9.10211e-05
8.5326545e-05
8.32884e-05
8.1780956e-05
8.013895e-05
7.8260746e-05
7.700915e-05
7.56423e-05
7.4544514e-05
7.3361756e-05
7.2127e-05
6.72488e-05
6.510612e-05
6.4152664e-05
6.359146e-05
6.2930165e-05
6.210626e-05
6.169861e-05
6.10366e-05
6.039977e-05
5.9810154e-05
5.9342772e-05
5.7191286e-05
5.641023e-05
5.5987544e-05
5.5593664e-05
5.5572924e-05
5.49322e-05
5.490484e-05
5.442531e-05
5.41767e-05
5.402523e-05
5.3663614e-05
5.2657047e-05
5.2365995e-05
5.2160514e-05
5.1971554e-05
5.181699e-05
5.1666248e-05
5.1414725e-05
5.142338e-05
5.135219e-05
5.1105348e-05
5.088718e-05
5.0527215e-05
5.0469615e-05
5.0325987e-05
5.0188683e-05
5.0188002e-05
4.992114e-05
4.976684e-05
5.0030623e-05
4.998111e-05
4.9809096e-05
4.9768703e-05
4.955219e-05
4.9409027e-05
4.930388e-05
4.929783e-05
4.9279122e-05
4.9265058e-05
4.9371498e-05
4.932395e-05
4.9153827e-05
4.89699e-05
4.9126353e-05
4.8920574e-05
4.8928043e-05
4.9130886e-05
4.884896e-05
4.8844046e-05
4.884998e-05
4.858168e-05
4.8504982e-05
4.856613e-05
4.863865e-05
4.863894e-05
4.8526555e-05
4.8485163e-05
4.854082e-05
4.844219e-05
4.84433e-05
4.822525e-05
4.849601e-05
4.8302038e-05
4.815342e-05
4.8217702e-05
4.817043e-05
4.81551e-05
4.817516e-05
4.8163274e-05
4.8097685e-05
4.7855137e-05
4.783188e-05
4.7896167e-05
4.793376e-05
4.7760783e-05
4.7750927e-05
4.7636306e-05