71147.45977332204
45529.98870097945
36161.13539501873
31361.58188753175
28288.19718240071
26022.619686233196
24235.592654202035
22751.985627273032
21517.562462316553
20391.79589482951
19325.105169177536
18354.445329738173
17489.40469023837
16721.303001795746
16036.128528293053
15421.290248025227
14866.30397078349
14364.669628826072
13908.941739007912
13490.578041505109
13105.425578200367
12747.972524913714
12416.070840364555
12108.089604871026
11820.728385280365
11552.714303638593
11302.251139924248
11066.382278302788
10843.992953762328
10634.178618753367
10435.934542825828
10247.766692551486
10068.90534920528
9898.880282468086
9737.466082183817
9583.546553755303
9436.771296206969
9296.520457917819
9162.533005764893
9034.541772581233
8911.788224375929
8794.275005830063
8681.688854590306
8573.448753401384
8469.627743381632
8369.79889484671
8273.700070312263
8181.062251712464
8091.827832642445
8005.823034150999
7922.714145250338
7842.336693767089
7764.598213060362
7689.349402712641
7616.609856174465
7546.165269978301
7477.844922390148
7411.485318945496
7346.92359638829
7284.213195630031
7223.363012553498
7164.16853786168
7106.49520604118
7050.348730810125
6995.503265184165
6942.092528982874
6889.9933619902495
6839.165871729728
6789.52387799244
6741.215724833988
6694.018956503885
6647.899534295585
6602.830099150783
6558.761617263132
6515.916768312001
6474.105707411636
6433.073082990613
6392.897491312538
6353.558176981518
6314.978068459908
6277.338137687184
6240.413502543123
6204.2648663113905
6168.911082028861
6134.27970659775
6100.254287980376
6066.961980191772
6034.307782417351
6002.289067388395
5970.825458004012
5940.007289840373
5909.70105236674
5879.920578066691
5850.7452023493315
5822.075772347147
5793.978896333125
5766.282027239628
5739.1419835707
5717.12976161356
5691.59879656976
5666.216717618296
5641.2034483602465
5616.526097355941
5592.214414373156
5568.223053397959
5544.56741326764
5521.232534925352
5498.302064569389
5475.687455542956
5453.418636616099
5431.479132355502
5409.88037832217
5388.5277533071
5367.576676516105
5346.905938253819
5326.506785215804
5306.393961279916
5286.524992724211
5266.94885347382
5247.675086070319
5228.6409450971605
5209.857938374301
5191.218805926048
39627.121180292816
39339.6227224057
39054.021665181455
38772.03570406484
38494.041895930626
38220.06177672066
37950.09261627664
37684.070405589475
37421.95619421501
37163.723888824235
36909.2363885919
36658.41583853666
36411.23607937819
36167.57944434108
35927.39974874953
35690.617316150325
35457.13372938987
35226.9385791833
34999.94326823559
34776.05692106351
34555.27855973968
34337.464936962824
34122.60389732874
33910.64159968262
33701.46160348071
33495.08568121009
33291.35749316284
33090.35313742311
32892.07135511182
32696.271747216488
32503.007316360014
32312.153886022592
32123.747449495844
31937.640946994004
31753.904921110676
31572.397918056777