tensor(367)tensor([0.5078, 0.4454, 0.5469, 0.4460, 0.5469, 0.6804, 0.5469, 0.8992, 0.4688,
        0.4448, 0.4844, 0.6638, 0.5469, 0.8835, 0.5156, 0.3206, 0.5156, 0.4456,
        0.4844, 0.1951, 0.4688, 0.1011, 0.4219, 0.2253, 0.3906, 0.3342, 0.4062,
        0.3657, 0.5469, 0.1960, 0.5781, 0.1809, 0.5156, 0.1174],
       device='cuda:0')tensor([[-2.0451e-02,  3.4604e-01, -7.1236e-02],
        [-1.0577e+02,  1.0832e+01,  4.6406e+00],
        [-6.6409e+01,  4.3214e+02,  8.8818e+01],
        [ 1.3216e+01,  8.2810e+02,  2.8085e+02],
        [ 1.0576e+02, -1.0832e+01, -4.6417e+00],
        [ 8.1128e+01,  4.3038e+02,  5.1297e+01],
        [ 2.8021e+01,  8.4565e+02,  2.4686e+02],
        [-1.8838e+01, -2.6052e+02, -7.6659e+00],
        [-6.9724e+01, -4.9637e+02, -6.6518e+01],
        [-6.5120e+01, -5.8382e+02, -1.5186e+02],
        [-8.5077e+01, -6.9359e+02, -1.2012e+02],
        [ 6.0907e+01, -4.7492e+02, -7.8368e+01],
        [ 1.4080e+02, -5.1589e+02, -2.9293e+02],
        [ 3.2505e+01, -6.0794e+02, -4.3071e+02],
        [-1.9012e+02, -4.2709e+02, -5.3728e+01],
        [-2.7270e+02, -1.7750e+02, -1.2698e+02],
        [-9.7819e+01, -1.2486e+02, -2.3008e+02]], device='cuda:0',
       grad_fn=<SelectBackward0>)tensor([[  -0.0000,    0.0000,    0.0000],
        [ -90.5200,   -2.3124,  104.3800],
        [ -65.0570,  448.5100,  201.8600],
        [  54.9860,  882.5100,  296.9100],
        [  90.5200,    2.3123, -104.3800],
        [  56.1170,  462.9400, -109.1900],
        [  59.5600,  909.6600,    1.4370],
        [  10.0270, -253.4300,  -19.5180],
        [ -51.6560, -493.8800,  -48.6870],
        [ -61.5810, -548.3300, -145.0100],
        [ -38.0060, -660.7800, -140.2100],
        [  71.1840, -470.3800, -158.3400],
        [ 145.4200, -520.8600, -426.9000],
        [  39.8930, -666.1400, -598.4200],
        [-142.7900, -446.7000,   82.2080],
        [-184.4100, -196.3800,  207.8800],
        [-189.6800, -140.3800,  -33.9740]], device='cuda:0')